100
0.5721070697310557 0.03060458356515061
0.5245347203067879 0.4777699934633086
0.7890386736164897 0.5516154756570033
0.5353057065614412 0.9927911413596524
0.018773506619784386 0.7540702456187185
0.5942522772164509 0.19570521973013433
0.6997311143609595 0.8219574754698873
0.27211501862146326 0.9868862810590285
0.9330636959125598 0.6255607061237117
0.2625228367079271 0.5150734477906473
0.7214897959040895 0.6094357975061374
0.467756598488128 0.7883576790342273
0.3655498879184481 0.6656716968196894
0.21634658701912735 0.22340313988186677
0.6373978022458607 0.00765431520135007
0.06760916937454109 0.2126401849954842
0.7702946986584541 0.29334660739343166
0.1536489095597935 0.6551878397365204
0.7686694413744084 0.5046657444641732
0.2811514265397793 0.602268075484453
0.08093321842332568 0.02735850816955121
0.8380132560712564 0.09560381377349236
0.7184956518405963 0.5243067378885016
0.3744354075933626 0.8003330762882223
0.8026062050963404 0.5283919185132836
0.10219251177639765 0.7595994581248179
0.3986440653397416 0.43146931094057306
0.5395125939616029 0.2551852458091055
0.37252604050839666 0.5879834820515318
0.7369608646460734 0.3480513515659409
0.7235803354780361 0.4108470587744065
0.6208244455776837 0.5906350915347913
0.8043509514602664 0.7968458443650751
0.5951933320805465 0.5342111840596379
0.35149334947394484 0.865245502441962
0.4348748798194385 0.4895853916756998
0.6188037130098645 0.5491187537583738
0.5619593795888074 0.41817276463936937
0.3459571360137914 0.4917240833608818
0.9404644704084546 0.4506666469323495
0.6793665990859787 0.17468739914169096
0.643940720415042 0.5505438414344322
0.08749689674039596 0.6890759298560262
0.8823866354223013 0.4324034880031513
0.5569472057983086 0.22570258446307934
0.637784068611602 0.08248068207499781
0.9928062809612903 0.9044548195164656
0.7120012341494721 0.369021669926513
0.4713101375343387 0.8079782567344808
0.8375494893348888 0.5621807583677938
0.6393010417020113 0.22440201889318545
0.6805092335287997 0.10904139202200991
0.23577636154277015 0.9487694310856815
0.7190249758450783 0.9971705438845604
0.9527566778655618 0.18258981903244342
0.29029293925584876 0.7774753169680002
0.698948721576634 0.199299814198586
0.18507526756979897 0.8431128407321054
0.7691452775410716 0.5615686345757954
0.031427246518813456 0.4615002291335527
0.8664360437069278 0.7821440367532441
0.1317145150765715 0.07291886221124488
0.9433406310490197 0.2311730179085184
0.9070723416243157 0.7474520306323619
0.34022807948999134 0.5402172338467965
0.05840166850338546 0.6665383710874094
0.5512594521588964 0.5831594546807748
0.6687554514222145 0.01805173249592107
0.35717536039103037 0.7109358204150198
0.8418390829787757 0.4180197188652349
0.8474033777095098 0.18352271696314248
0.5904865535468439 0.14998874323217481
0.4893888004812307 0.5415585725202265
0.31895682714434204 0.8766706179646685
0.9821284774597401 0.8112211817779957
0.7761586793055202 0.5177014376040333
0.3507309375896308 0.25705341621909383
0.39608871428895887 0.7576304849872805
0.6126775756618362 0.6308149500603899
0.5409858916091584 0.7382370509299473
0.3462915717604511 0.13396046037517895
0.7550964981240509 0.2780228642157021
0.15509730902005414 0.11627677826559246
0.5027744925099924 0.3223499391894594
0.73503104472844 0.4685110680653952
0.4166621672312256 0.3118965349861754
0.27063124939567784 0.29729058701844435
0.16263421898304886 0.7372841924395503
0.7204971973205665 0.43639518155808144
0.5548635653479822 0.48434780679351497
0.013154398815007573 0.050203467216220043
0.17734138741840222 0.9918800364247962
0.22567851811993378 0.795948493472314
0.1259928774632335 0.326270635660475
0.4932180863338633 0.1462634625743423
0.026889937626655036 0.47017945362795843
0.013958773589666795 0.3232293536287202
0.7610339585735724 0.16041638980115536
0.37784097959746143 0.2948739219473946
0.08863182437231798 0.8972124007502043
